chat.txt : [0.93138472]
human.txt : [0.09314776]
